"species","x","y","bio1","bio2","bio3","bio6","bio8","bio12","bio14","bio19"
"background",1,1,212,111,52,95,252,1054,30,137
"background",2,2,217,101,49,98,255,1026,22,117
"background",3,3,178,142,47,37,180,329,20,77
"background",4,4,140,93,48,53,115,594,37,159
"background",5,5,164,133,49,49,116,367,10,166
"background",6,6,123,128,49,-8,171,890,50,192
"background",7,7,163,140,49,20,215,701,39,133
"background",8,8,133,113,51,29,148,858,54,199
"background",9,9,156,131,50,49,111,527,11,264
"background",10,10,114,117,45,4,59,1165,47,397
"background",11,11,213,82,49,122,247,1335,38,237
"background",12,12,116,125,47,-4,85,875,62,229
"background",13,13,174,144,46,23,250,262,17,65
"background",14,14,195,154,49,30,262,573,20,87
"background",15,15,168,124,49,59,120,356,16,122
"background",16,16,200,151,51,40,260,641,25,93
"background",17,17,129,97,49,39,106,939,46,266
"background",18,18,109,98,52,21,120,681,44,183
"background",19,19,196,158,50,28,260,574,17,81
"background",20,20,196,145,51,42,251,666,27,91
"background",21,21,133,121,47,8,189,821,46,152
"background",22,22,128,114,47,27,80,1184,48,386
"background",23,23,147,125,50,19,199,978,44,158
"background",24,24,140,108,49,30,174,984,46,197
"background",25,25,148,97,48,59,123,702,45,173
"background",26,26,166,140,49,23,219,667,36,120
"background",27,27,159,131,46,34,124,497,29,138
"background",28,28,174,98,48,62,218,1369,67,295
"background",29,29,198,159,51,29,262,557,16,79
"background",30,30,172,139,48,39,140,312,21,80
"background",31,31,148,127,46,29,92,620,32,187
"background",32,32,186,110,51,68,228,1533,48,251
"background",33,33,175,124,49,61,124,347,12,121
"background",34,34,185,142,51,36,235,648,28,95
"background",35,35,165,135,48,38,133,362,21,99
"background",36,36,137,100,49,47,111,586,36,158
"background",37,37,155,148,49,1,209,744,32,120
"background",38,38,153,127,49,46,99,930,11,499
"background",39,39,150,131,51,45,101,934,14,497
"background",40,40,176,131,45,41,243,583,33,122
"background",41,41,192,157,50,25,255,607,18,84
"background",42,42,175,135,46,37,177,361,23,84
"background",43,43,153,126,47,36,120,441,25,126
"background",44,44,198,135,50,78,152,396,4,215
"background",45,45,177,138,47,43,178,279,20,66
"background",46,46,176,123,49,61,125,340,14,110
"background",47,47,192,103,50,76,233,1368,43,244
"background",48,48,143,81,47,61,120,634,38,178
"background",49,49,203,147,49,45,270,556,26,93
"background",50,50,159,132,45,27,121,554,37,136
"background",51,51,176,138,48,45,144,262,18,65
"background",52,52,215,81,49,124,248,1324,38,237
"background",53,53,152,143,48,15,222,686,44,160
"background",54,54,184,107,48,88,136,858,7,481
"background",55,55,109,122,45,-7,52,1220,49,421
"background",56,56,165,134,47,38,132,367,21,99
"background",57,57,181,128,52,49,229,1066,36,150
"background",58,58,110,77,49,42,80,2145,94,656
"background",59,59,123,122,51,15,140,843,51,204
"background",60,60,171,139,48,38,139,317,21,83
"background",61,61,195,136,50,76,147,455,6,248
"background",62,62,143,84,47,65,108,848,43,259
"background",63,63,115,126,46,-3,58,1155,48,395
"background",64,64,160,142,52,41,109,330,17,104
"background",65,65,194,143,47,41,266,562,26,100
"background",66,66,161,133,46,33,126,463,26,123
"background",67,67,201,127,53,93,164,460,3,265
"background",68,68,147,122,51,50,100,812,17,404
"background",69,69,150,128,48,36,118,416,24,124
"background",70,70,168,139,48,35,107,299,17,89
"background",71,71,195,141,52,47,247,660,26,96
"background",72,72,183,133,49,69,124,517,10,278
"background",73,73,157,108,51,71,125,943,14,501
"background",74,74,169,145,47,25,102,348,20,107
"background",75,75,175,123,50,43,222,1298,41,160
"background",76,76,199,147,49,42,264,583,27,99
"background",77,77,137,121,44,18,79,784,33,254
"background",78,78,129,134,49,-8,190,814,37,152
"background",79,79,197,147,50,40,259,632,26,98
"background",80,80,197,148,52,42,254,703,27,102
"background",81,81,152,126,47,33,97,523,29,151
"background",82,82,168,144,46,20,98,310,19,85
"background",83,83,158,130,47,38,126,391,22,112
"background",84,84,155,133,50,21,213,803,43,152
"background",85,85,132,134,47,8,76,947,45,299
"background",86,86,194,153,49,30,263,553,21,86
"background",87,87,199,151,50,39,264,601,26,102
"background",88,88,195,153,50,32,259,623,26,95
"background",89,89,167,144,50,18,229,729,37,125
"background",90,90,128,132,47,6,72,994,45,326
"background",91,91,185,108,50,92,150,743,6,413
"background",92,92,122,125,47,1,180,754,54,177
"background",93,93,151,135,47,13,218,720,47,158
"background",94,94,168,141,51,45,137,256,14,70
"background",95,95,187,145,48,36,258,593,34,109
"background",96,96,112,118,47,8,61,1296,49,449
"background",97,97,172,133,45,36,174,389,23,93
"background",98,98,201,140,52,53,253,724,26,103
"background",99,99,156,81,48,80,116,569,15,241
"background",100,100,146,115,50,25,197,1193,50,176
"background",101,101,198,145,49,43,264,572,28,99
"background",102,102,159,124,50,27,209,939,41,180
"background",103,103,168,134,45,30,130,455,30,115
"background",104,104,164,142,47,25,233,638,39,146
"background",105,105,163,135,45,29,126,552,35,131
"background",106,106,148,128,44,21,86,679,38,200
"background",107,107,178,133,46,41,245,575,33,120
