"species","x","y","bio1","bio2","bio3","bio6","bio8","bio12","bio14","bio19"
"background",1,1,99,111,45,-3,46,1326,49,456
"background",2,2,186,152,50,30,251,672,32,106
"background",3,3,166,128,47,56,109,859,14,467
"background",4,4,122,85,51,45,132,636,43,172
"background",5,5,223,105,50,101,261,918,21,102
"background",6,6,186,155,50,22,251,649,22,91
"background",7,7,132,120,47,25,81,821,35,272
"background",8,8,160,133,46,34,124,473,28,127
"background",9,9,150,125,48,19,204,984,43,157
"background",10,10,173,130,45,38,241,558,32,118
"background",11,11,158,128,50,53,114,436,11,206
"background",12,12,145,116,49,24,195,1181,52,204
"background",13,13,138,107,47,41,110,742,47,191
"background",14,14,121,124,48,2,177,837,56,189
"background",15,15,157,127,51,49,110,333,15,107
"background",16,16,169,131,44,31,172,479,31,111
"background",17,17,219,105,50,105,257,1102,28,128
"background",18,18,190,153,49,25,258,584,21,88
"background",19,19,134,107,49,44,94,713,35,223
"background",20,20,148,129,49,14,201,931,42,175
"background",21,21,131,121,48,9,186,807,44,168
"background",22,22,139,111,52,38,153,797,44,186
"background",23,23,198,143,48,44,254,562,30,97
"background",24,24,200,142,48,47,267,552,27,96
"background",25,25,168,134,47,39,134,374,24,95
"background",26,26,195,152,51,35,256,644,25,95
"background",27,27,184,113,49,85,135,799,7,455
"background",28,28,142,107,52,44,155,678,32,168
"background",29,29,175,152,50,17,241,735,37,126
"background",30,30,179,125,49,60,126,337,17,104
"background",31,31,167,123,49,35,217,1025,40,179
"background",32,32,205,122,52,77,249,953,32,129
"background",33,33,103,131,49,-22,147,618,37,124
"background",34,34,177,119,50,52,226,876,39,162
"background",35,35,162,134,46,34,126,446,26,118
"background",36,36,107,123,46,-9,51,1213,51,406
"background",37,37,195,153,50,33,259,628,26,97
"background",38,38,112,121,48,4,83,1079,56,316
"background",39,39,169,134,45,32,133,419,26,105
"background",40,40,162,132,47,37,129,401,21,111
"background",41,41,194,153,49,30,262,560,22,88
"background",42,42,166,136,51,50,134,259,14,72
"background",43,43,192,114,50,65,236,1148,36,168
"background",44,44,113,99,53,25,124,668,42,176
"background",45,45,164,142,47,25,233,638,39,146
"background",46,46,173,132,45,36,175,375,23,88
"background",47,47,153,136,48,13,218,840,49,169
"background",48,48,165,140,49,39,134,338,22,94
"background",49,49,147,132,50,10,205,829,37,143
"background",50,50,186,117,51,61,228,1222,39,178
"background",51,51,161,134,49,45,113,354,10,155
"background",52,52,164,143,47,17,234,654,39,124
"background",53,53,192,130,53,58,239,963,34,130
"background",54,54,199,151,49,38,264,601,26,102
"background",55,55,173,139,48,44,141,281,19,75
"background",56,56,164,129,49,49,104,443,16,161
"background",57,57,181,141,51,36,230,621,28,99
"background",58,58,184,129,52,48,232,1028,36,154
"background",59,59,157,106,52,66,113,422,19,152
"background",60,60,168,134,47,38,135,367,23,94
"background",61,61,196,143,47,43,267,546,24,94
"background",62,62,163,142,50,41,132,321,19,95
"background",63,63,143,135,47,8,210,781,53,189
"background",64,64,180,90,47,75,223,1133,56,258
"background",65,65,170,134,46,39,136,375,25,94
"background",66,66,192,143,47,41,264,588,28,104
"background",67,67,136,121,49,9,189,1021,48,158
"background",68,68,158,105,49,50,190,1114,55,242
"background",69,69,93,115,48,-15,88,1017,61,257
"background",70,70,162,90,48,67,192,1277,69,290
"background",71,71,195,132,51,81,152,478,5,269
"background",72,72,173,140,47,36,140,328,22,81
"background",73,73,193,89,48,86,222,1512,50,306
"background",74,74,203,141,48,50,264,554,26,94
"background",75,75,192,144,47,40,262,608,30,108
"background",76,76,178,130,52,42,228,960,38,136
"background",77,77,196,129,52,60,243,967,34,141
"background",78,78,169,130,44,32,172,502,31,115
"background",79,79,206,148,51,47,265,654,26,94
"background",80,80,119,100,44,12,170,1260,60,252
"background",81,81,188,139,48,66,135,414,10,209
"background",82,82,108,115,50,8,82,1414,72,406
"background",83,83,95,82,49,23,58,1746,69,625
"background",84,84,200,147,51,43,259,684,27,101
"background",85,85,168,135,47,38,134,351,21,91
"background",86,86,88,87,48,11,53,1622,70,475
"background",87,87,152,129,51,48,102,962,14,518
"background",88,88,169,138,47,36,136,366,24,92
"background",89,89,173,132,45,35,175,373,22,87
"background",90,90,177,138,46,37,179,348,23,81
"background",91,91,151,142,50,27,117,291,18,85
"background",92,92,195,127,52,61,241,1072,36,148
"background",93,93,127,124,49,-2,182,922,46,167
"background",94,94,161,132,45,31,123,514,33,139
"background",95,95,117,72,50,52,88,1037,56,310
