"species","x","y","bio1","bio2","bio3","bio6","bio8","bio12","bio14","bio19"
"species",1,1,129,132,46,-3,125,651,39,143
"species",2,2,166,79,47,79,150,1431,83,359
"species",3,3,155,132,46,23,226,691,44,167
"species",4,4,165,135,46,34,128,421,24,109
"species",5,5,129,122,47,8,185,761,45,160
"species",6,6,120,127,49,-11,167,831,44,172
"species",7,7,167,130,45,34,234,636,39,146
"species",8,8,141,121,50,14,194,1067,47,155
"species",9,9,150,123,48,18,202,1206,50,210
"species",10,10,172,114,49,47,219,868,38,169
"species",11,11,154,97,53,73,117,1029,27,453
"species",12,12,154,121,49,52,104,1137,13,615
"species",13,13,160,91,48,60,190,1099,61,245
"species",14,14,158,95,48,56,190,1059,58,232
"species",15,15,124,130,46,-5,120,702,46,164
"species",16,16,119,100,44,12,170,1260,60,252
"species",17,17,123,122,48,1,178,909,58,202
"species",18,18,172,114,49,47,219,868,38,169
"species",19,19,172,114,49,47,219,868,38,169
"species",20,20,152,95,48,51,183,1021,49,212
"species",21,21,158,102,49,50,189,1407,64,318
"species",22,22,147,107,48,36,180,973,55,208
"species",23,23,119,110,46,6,173,929,53,193
"species",24,24,131,121,48,10,186,798,46,170
"species",25,25,131,111,47,15,182,1108,56,249
"species",26,26,167,88,48,73,197,1283,68,293
"species",27,27,130,115,47,12,183,932,53,214
"species",28,28,157,89,48,61,188,1028,49,215
"species",29,29,166,79,47,79,150,1431,83,359
"species",30,30,163,142,47,20,229,674,42,150
"species",31,31,157,98,49,53,189,1048,58,229
"species",32,32,162,97,48,56,206,1491,63,314
"species",33,33,145,86,48,67,103,800,24,335
"species",34,34,147,91,50,67,105,722,23,296
"species",35,35,120,105,50,27,82,762,36,254
"species",36,36,128,92,54,45,137,752,48,192
"species",37,37,128,92,54,45,137,752,48,192
"species",38,38,127,101,54,37,138,617,41,152
"species",39,39,119,96,52,32,130,701,47,189
"species",40,40,121,97,54,35,128,724,46,189
"species",41,41,120,105,50,27,82,762,36,254
"species",42,42,121,105,50,28,83,739,36,246
"species",43,43,121,97,54,35,128,724,46,189
"species",44,44,119,96,52,32,130,701,47,189
"species",45,45,120,105,50,27,82,762,36,254
"species",46,46,119,94,53,35,126,818,52,216
"species",47,47,128,97,53,39,90,817,47,226
"species",48,48,121,100,53,32,133,611,42,151
"species",49,49,125,101,54,35,136,618,42,152
"species",50,50,144,103,48,50,137,572,37,131
"species",51,51,123,113,48,26,95,692,34,210
"species",52,52,142,85,48,65,109,852,39,267
"species",53,53,145,102,48,53,139,790,49,195
"species",54,54,141,122,44,21,82,794,32,266
"species",55,55,144,86,47,65,107,803,40,242
"species",56,56,147,97,48,58,121,773,47,200
"species",57,57,137,125,50,33,83,609,29,210
"species",58,58,137,125,50,33,83,609,29,210
"species",59,59,142,85,48,65,109,852,39,267
"species",60,60,129,119,49,30,84,652,31,204
"species",61,61,133,124,50,30,80,678,31,239
"species",62,62,146,99,48,56,120,810,47,214
"species",63,63,140,124,49,35,92,557,28,186
"species",64,64,158,96,55,77,123,839,26,347
"species",65,65,158,96,55,77,123,839,26,347
"species",66,66,166,73,50,100,144,1051,12,434
"species",67,67,157,97,53,76,120,991,26,430
"species",68,68,166,115,47,65,114,1144,12,619
"species",69,69,169,114,47,68,117,1101,12,599
"species",70,70,174,113,47,75,122,960,12,541
"species",71,71,174,113,47,75,122,960,12,541
"species",72,72,176,115,48,77,125,864,10,496
"species",73,73,170,122,47,65,115,927,12,524
"species",74,74,180,119,49,80,129,784,9,452
"species",75,75,151,107,50,61,117,646,23,262
"species",76,76,151,106,51,62,108,710,26,282
"species",77,77,152,110,51,63,109,969,18,487
"species",78,78,147,104,51,63,107,1058,22,509
"species",79,79,178,110,50,85,144,867,10,484
"species",80,80,137,116,47,14,189,1318,56,240
"species",81,81,170,120,49,40,220,1030,40,188
"species",82,82,129,119,47,10,183,844,51,185
"species",83,83,168,118,49,40,218,1062,43,199
"species",84,84,129,124,47,7,186,724,44,152
"species",85,85,131,111,47,15,182,1108,56,249
"species",86,86,164,128,49,27,216,953,40,166
